 bfield:   0.000000000000000E+000
 Wc1:    2.00000000000000     
 Wc2:    2.00000000000000     
 Wp:   0.100000000000000     
 hfs:    8.00000000000000     
 G5p:    6.00000000000000     
 Gr1:   5.000000000000000E-002
 Gr2:   5.000000000000000E-002
 gp:   1.000000000000000E-002
 gc:   0.800000000000000     
 NProbe:                     81
 NCoupling:                    201
 ShiftProbe:                    -20
 ShiftCoupling:                    -50
 StepProbe:   0.500000000000000     
 StepCoupling:   0.500000000000000     
 pol: pp
